688 354995 868154
1134 174500 652648
1244 329909 346940
1347 483467 610807
2094 172678 905831
2507 360834 524495
2524 150967 346012
2678 237074 832280
2892 168373 395325
2962 37181 876225
3192 394593 866769
3628 189244 238998
4261 404283 918887
4500 202619 225347
4830 512663 734437
5127 227497 916922
5713 714434 859653
5769 234392 672893
5775 215745 396705
5945 150845 819959
6587 364986 733483
6742 360928 701103
6765 333606 994287
7289 138544 448701
7592 392265 644359
7730 421991 982130
8134 197135 285143
8153 208883 820752
8232 297013 389601
9044 754839 980390
9273 315005 685782
9410 415447 551464
9699 66826 738422
9870 427769 658770
9985 328503 806680
10049 324551 852567
10175 832446 921068
10666 787789 821795
10920 229279 546403
11084 302754 976575
11210 138061 462451
11824 198032 305854
12278 456116 887549
12572 489799 805445
13159 405390 590620
13505 123869 549779
13893 700980 758119
14111 324000 905174
14410 441680 691808
15669 551870 998075
15993 434069 734308
16200 44974 953255
16414 510247 936076
16418 103874 914839
16903 67145 668655
16911 344725 918063
16993 428442 784777
17621 562039 870464
18432 369485 909505
19608 318437 907873
19724 184963 369003
19844 96767 576282
20034 192206 760228
20199 551959 938011
20365 296995 723568
20416 428359 733852
20439 291600 487258
20557 225841 952381
20561 352738 839272
20859 416193 902406
20889 304209 771728
21042 465224 954712
21180 173880 934969
21314 127925 519019
21522 400914 828501
21985 146282 254348
22181 280223 496969
23300 26453 436325
23406 417777 619957
23547 283620 772968
23665 828804 925242
24122 331606 968460
24296 87874 842279
24508 601502 825076
24969 228837 990700
25354 657793 883706
25367 353999 640737
25427 133412 454979
25738 29053 427392
25889 326553 382883
26177 353478 444479
26537 112275 988819
26828 681935 753360
27146 535747 773782
27364 571028 605438
28489 576569 939449
29319 677229 689991
29329 89641 446200
29404 780777 961999
29526 334765 931437
29607 375847 940693
29679 54586 120791
30414 620323 953113
31429 236763 473882
31611 199403 840284
31836 322167 736910
32198 401551 662023
32804 139963 972017
33215 98855 548031
33374 53445 469745
33433 454901 763606
33517 557087 644004
34066 200962 299594
34097 280224 896774
34238 769046 782073
34381 214236 809822
34614 171458 701545
34754 51182 192149
34778 640865 647191
34989 797371 901844
35861 617870 897682
36020 175940 208351
36271 344190 782584
36803 722990 767908
36979 453240 510475
37031 165534 891810
37033 907832 945482
37276 437474 920088
37314 452432 855499
37761 236593 522058
38283 231329 696769
38383 145308 185671
38546 816397 909311
38806 169896 317672
39056 509215 737716
39149 590287 649672
39304 224778 840128
39596 230302 965293
39613 274603 815952
39887 223869 665112
40115 291917 593311
40242 51086 569701
41387 53584 712455
42376 198425 688666
42445 193220 233871
43542 215921 816107
43559 483388 708083
43621 618972 696470
43741 318197 876256
43940 301956 949120
44108 222837 754818
44113 89685 918611
44183 145482 603009
44452 306823 780014
44565 103322 320742
44725 463666 810513
44875 387649 859267
44890 545132 573058
44909 339328 863803
45550 130532 922076
45688 290518 395394
45878 295955 353641
47138 578589 656474
47196 195356 534454
48478 215959 954922
48828 624930 852150
48859 191741 965802
49060 621121 647091
49569 50540 470431
49813 358286 957227
49881 105688 270754
49907 109875 979954
50314 200793 640059
50408 271327 849994
50738 345570 372625
50915 493646 840120
51087 649990 907333
51308 723970 966700
51339 406624 876746
51497 201229 315590
51517 533481 548258
52052 486775 521180
52358 442575 494227
52383 621740 988077
52691 424510 883481
52879 104303 306479
53276 156422 444730
55403 443966 746388
55508 248091 573387
55523 272832 608501
55590 214754 567364
55795 229763 426947
56709 727072 914382
56895 289191 520550
56967 193334 269788
57051 192394 916322
58117 428606 792745
58205 179696 436139
58289 114097 957824
58478 176522 570254
58905 276898 586470
59127 204123 640763
59431 333795 852244
59465 873769 934470
59820 270546 815046
59949 589528 923294
60342 322243 977545
60735 353559 895992
60851 528459 805758
60993 562661 841580
61436 520026 796824
61755 100511 854850
61948 773910 878090
61949 83661 502707
62310 87255 887951
62472 229553 937207
63873 106413 465205
64051 214936 664103
64798 504235 599928
65119 432955 630797
65449 375952 993883
65641 94384 550587
66394 704347 739726
66789 203968 212013
66975 508219 940649
67295 949159 987111
67429 204708 409979
67475 73290 739492
67513 187914 501484
67632 488044 629131
67652 287909 618334
67803 396001 719961
68202 774352 875398
68320 416516 582698
69021 834808 957404
69527 555346 683373
70002 337047 903684
70696 370180 404273
70841 290159 459847
71541 274362 779877
71617 133782 851171
71689 114915 892273
71711 224566 230754
71841 203814 578046
71890 280934 786095
71945 493785 841079
72297 166378 870117
72577 113244 169425
72743 381843 640422
72784 203277 576408
73279 98736 678089
73619 644118 877878
73646 423568 923140
73720 231024 429738
73894 225511 514893
74018 242400 543928
74089 96919 564362
75367 97159 253143
76029 186656 351640
76954 93104 816238
76986 144087 502886
77013 156092 323337
77023 412884 665334
77075 271733 662483
77616 279602 863248
77695 104879 345007
77940 568504 720271
78565 132543 680903
79609 541489 833443
79926 578161 714442
79995 249976 536823
80015 222520 707865
80603 122732 889565
80704 517519 808612
80908 318562 452206
81183 764745 947390
81354 450465 458334
81721 190509 674952
81843 108828 921821
82026 440451 882809
82343 125401 247508
82548 159106 652468
83023 431693 780380
83099 842326 931352
83415 257857 412452
83917 223906 568565
84197 327020 917991
84411 337638 503839
84607 221070 904895
85223 221194 942692
85353 899269 968965
85638 673037 959401
85722 256952 531342
85924 901199 940582
85931 470652 998083
86008 266649 792296
86616 232909 681461
86658 249983 901233
86682 843936 886935
86971 672382 942105
87617 548771 902921
88180 764086 999666
88777 143680 308066
88872 183604 446591
89184 161749 882881
90208 550861 901733
90329 446747 490423
90421 618873 992797
90571 553837 601354
90861 617619 771696
90916 375095 898655
90935 472881 813781
91967 165394 185311
92031 272377 461599
92500 561326 773584
93053 126781 210832
93322 231527 724959
93365 180250 654957
93962 241907 669818
93998 114763 728882
94133 465117 911343
94468 137980 408439
94506 267269 531609
95182 345302 962167
95251 148451 226249
95791 334623 588274
95999 543672 718893
96035 314091 611290
96103 259157 906660
96422 134585 563176
96423 232923 612533
96492 408807 791582
96777 250183 267436
96826 307724 748846
97583 225905 953862
97885 339654 437528
97914 256761 471175
98247 383829 557443
98292 398419 492499
98374 487196 531509
98566 807406 861326
98941 691854 715801
99014 259176 720979
99016 460293 597965
99376 454929 989601
99451 693742 742266
100264 131936 445539
100326 593667 665451
101201 417633 839639
101445 604839 945417
102825 637405 874788
102876 355498 514193
103195 702890 978626
103478 647403 926503
103540 628103 905981
104148 438821 649844
104820 546995 568700
104896 330235 625945
105034 197818 755626
105825 274586 881975
105883 136565 742533
105968 690880 699961
106083 148154 757141
106136 737078 750659
106811 235967 275530
107690 114646 223369
107704 153273 162329
108197 374412 515754
108487 128009 807640
108694 109817 512191
108707 571427 718756
108812 467236 561280
109247 193119 221370
109331 166958 519173
109657 263782 413176
109712 188199 933944
110738 815943 999195
111276 711851 936625
111410 176753 705333
111461 451352 876142
111589 381769 980213
111657 645386 917951
111768 235907 670310
112399 198614 879537
112666 489611 605240
112831 412255 531932
112958 135162 997073
113059 818201 836967
113104 389685 596981
113649 705110 793291
113704 791186 864608
114726 135982 545305
114922 614468 973512
115235 198243 684571
115291 117324 817461
115457 387787 740344
115715 180452 227683
115924 480637 503743
115926 428349 770477
116781 292949 631937
117578 697641 744864
119896 410649 489424
120312 704797 755619
120763 238428 769798
121420 361047 508361
121521 248704 630972
121778 918960 978783
122253 138338 900232
122986 431412 969415
123072 446971 476317
123186 361835 948826
123609 381859 980211
123650 674267 774107
124225 429510 975368
124456 415365 576919
125344 366249 780045
125566 686942 955114
125756 273679 814610
126317 792603 975192
126589 594579 980853
126670 805620 816539
126885 675641 720283
127462 519968 728885
128558 601439 856990
129019 558324 637926
129133 271508 940587
129185 367271 374928
129572 200301 938279
130137 266788 496355
130460 766598 907753
130615 434103 714209
130717 547613 934564
131056 544807 548882
131176 243232 693008
131271 775787 838637
131629 394704 852597
131962 189064 672385
132496 191316 214131
133677 466749 735565
134425 174096 851779
134513 166142 293520
134526 405815 792701
135156 456615 718453
135628 409295 756930
135773 307728 431931
136617 261625 265155
137136 426790 702092
137285 222899 956263
137293 880796 986910
137517 536333 687468
138638 431978 812956
139245 553514 664480
139669 249949 624444
139674 885653 928485
139718 466771 680279
139994 283824 382739
140217 291031 932697
140572 237450 449063
140901 372587 956526
141080 210339 775301
141642 482725 895834
141878 606513 816533
142063 379874 760973
142478 205099 263549
142525 253663 331780
142583 506026 561675
142827 500391 653903
142924 286217 669099
143073 248652 959594
143101 449114 777980
143346 264312 952968
144259 329228 705227
145126 222217 845939
145181 209137 836291
145307 569466 744604
145342 173400 991522
145837 647895 848035
145941 259440 891786
146189 546339 973732
147110 335192 960306
147493 354640 949140
147976 751166 819903
148027 370127 616773
148325 386010 617867
148331 520724 688480
149603 730332 902672
149868 568938 884227
149924 530470 763641
150080 832927 871692
151261 204559 831996
151411 701225 840849
151652 322305 639147
152009 516336 816755
152163 917381 921930
152259 680127 801728
152719 709179 978703
152733 283836 889913
152973 213698 571337
153229 354537 839246
153378 319852 616390
154548 221701 223923
154638 556730 982682
154859 412103 984188
155118 525890 957175
156777 477125 975829
157029 245159 315912
157297 247251 258292
157616 423568 920010
158387 574747 611597
158419 774079 822318
158834 430734 481500
159122 589639 923074
159383 719205 810625
159778 803509 891607
160262 235631 415463
160329 825455 917307
161837 240461 279376
163365 620342 706820
163402 682308 950782
163470 679349 973417
163660 324069 676802
163677 262485 876863
163841 518025 928392
164131 357508 818040
164861 601353 690677
165083 256020 515550
165914 249754 468383
165988 814916 960259
166035 178035 586105
166499 249706 603382
166611 592216 977795
167008 650416 717955
167699 453492 651291
167981 648056 663223
168323 222270 558714
168799 477917 621034
169465 584481 627030
169961 571122 645032
170347 373943 836174
170527 855975 905344
170564 242050 711591
171138 320994 445902
171804 507291 700070
172214 662671 880929
172284 184749 741969
172487 323672 696390
173170 702508 983313
173708 187440 797488
173786 527896 529212
173990 557128 600442
174983 288766 441075
175437 224822 723360
175461 368260 809272
175655 535136 837615
175697 359158 419544
175844 366671 686645
175955 706360 718563
176381 506859 891346
176416 305177 987173
177574 293520 510395
177850 468257 670320
178902 634847 698684
179350 706497 786097
179688 313482 840674
180000 256664 525840
180388 431056 623628
180420 745421 896152
180562 500018 879179
181120 547135 718366
181992 398854 579104
182005 728063 898549
182037 880385 959766
182190 553524 833365
183663 691286 993037
183944 581792 733230
184216 659905 914387
184827 663338 784418
184930 198476 561465
185636 238873 974129
185871 501885 899408
185994 523092 532678
186564 461418 895532
187074 665675 857178
187408 374975 867034
187654 413068 943073
187797 890715 912714
188213 552788 938921
188436 629073 644937
190506 238521 988680
190794 487377 668166
192096 596263 948918
192651 504183 563685
192679 461662 698044
192789 429514 821956
193068 576850 694815
193225 628547 766479
193854 698739 752417
193890 762097 827983
194023 277025 455869
194184 214212 811659
194245 284662 463208
194780 570745 952560
195007 349358 358655
195245 299475 925681
195318 809056 908672
195879 516654 847602
195887 616646 948379
195937 645056 988013
196051 230105 911254
196231 634679 712605
196828 350392 807186
197414 424599 914511
197749 406944 974556
198129 724556 837105
198938 815254 914849
198998 604517 842300
199173 458919 746375
199553 759739 924694
200001 561788 752027
200385 266855 305471
200945 303794 841956
200965 335003 882120
201397 576769 775020
201440 292897 835436
201710 255063 909482
201806 792009 944620
201833 527947 623879
203033 733291 886163
203290 425468 523147
203337 518495 519943
203833 309257 953970
203868 594381 895736
204073 428086 805205
204389 235325 353853
204389 791721 803953
204914 828915 977728
205400 286911 646924
205483 443299 879743
205490 639083 807730
205785 324752 654892
205946 277692 436053
206085 281261 832174
206129 340774 602048
206133 621605 883311
206844 638739 890606
207512 352057 979196
207587 786234 889522
208523 381929 694906
208861 218802 858998
209036 721753 943869
209138 688350 792460
209889 243176 564972
210200 499724 824061
211298 301362 394540
211686 282146 482310
212229 303802 763632
213570 343905 499586
213600 248831 585274
213632 539653 990964
213697 356537 412095
213840 622214 805908
213840 275063 622214
214053 560894 722339
216045 637207 868689
216670 258167 961753
218037 832349 970567
218555 286029 920116
218671 268253 572726
219486 602242 983609
219843 677131 995394
221265 533256 570072
222042 235007 253813
223626 403742 641795
223930 462795 698285
224573 518591 647666
225523 559634 767449
226067 589020 628997
226303 295546 407785
226672 398632 658870
226724 706084 854613
227089 447058 961631
227919 574797 652572
228453 510588 693286
228686 254752 762267
228962 324691 814468
229218 466593 682245
229328 691517 890997
229772 849444 969699
230257 574412 679647
230625 492495 803001
230715 272740 779492
230852 342936 867934
231576 622519 938207
231701 714130 883351
231831 258875 472958
233243 570664 865279
233333 465150 897782
233562 405282 870841
233643 689817 731695
234062 326410 566515
234077 819148 973653
234655 292329 899075
234911 422920 489153
235104 677024 739880
235598 638338 994555
237081 624812 646044
237700 368097 609721
237940 521666 800656
238154 530551 676166
238162 407659 703318
238190 362285 393387
238196 621742 852996
238785 730961 781713
239260 499010 594421
239554 413486 999682
240027 547186 968001
240541 397969 817054
241225 545245 972907
241666 443607 744974
242809 505458 822453
242826 308173 454203
243533 369376 872776
243804 261161 324004
244691 298009 890756
244882 270445 762389
245163 282024 429614
245795 367676 909659
245807 406469 740377
246240 517984 996236
246316 438299 975522
246517 731313 772331
247084 781759 981280
247319 387403 515409
247329 418621 831655
248037 359008 457053
248557 702871 865235
248835 437573 934692
249531 308421 395868
249620 322413 806397
249626 805526 835393
250247 502559 711503
250599 807134 907121
252194 747225 939063
252826 439336 633833
252928 562586 857343
252946 768677 962862
253094 550912 936238
253542 270744 974537
253886 603907 925635
254024 496688 610211
254205 911092 914103
254359 776783 822666
254521 444404 519098
254869 492958 505704
255908 370664 918416
256613 698012 882263
256648 323719 705501
257503 404477 619659
260543 335083 435781
260568 691441 992277
261023 466411 635629
261304 779826 934429
261459 311428 962094
261567 288281 423449
261943 417654 919648
262306 473803 550925
262677 375050 658118
264015 852623 880832
264122 302554 547261
264196 293772 736893
264857 606826 864265
265519 308986 551442
265874 487813 765082
266144 443484 897782
266383 534496 539117
266541 508983 695987
266654 385480 477051
266787 882246 903016
266862 534984 862819
267781 295399 615465
269709 961454 970299
270190 296341 412606
270466 317695 649476
271386 544123 582521
271608 673301 934485
271732 731665 814170
272274 490386 639027
272336 595425 948793
272340 344893 608427
272511 417643 659698
272645 447430 492781
273652 284104 510293
275220 689164 928130
275391 627718 796735
275683 580813 889212
275781 834511 973944
275921 538110 809116
276650 465871 636056
277119 385692 772953
277441 982945 997062
277598 334351 584858
277648 413729 997918
277675 295465 699448
277944 410660 442556
278572 465860 582860
280330 541695 706109
280392 508145 603378
280564 471323 733411
281183 321073 809518
281806 670875 730166
281857 322938 881605
282119 869053 910007
282338 419343 573361
282387 547392 841329
283014 732931 954447
283798 594183 736659
284399 285444 523569
284675 428414 818315
285305 553134 753364
287641 442202 745953
287931 353111 909149
289334 479874 712945
291311 640935 760484
291524 597809 755619
291549 497359 503435
292244 497441 563162
292976 481466 832881
293118 604366 819751
293634 579139 768934
295763 425820 969638
296975 866739 958669
296976 361444 959714
297797 447661 995788
298335 378087 675754
298459 828195 885730
298658 355680 477657
299486 512706 701502
300069 510819 991841
300140 336181 839064
300778 796317 897188
300789 320435 627116
300980 521522 616402
301124 613323 916072
301465 384173 447909
301824 565866 835780
301898 495725 998238
302651 667243 717095
302971 385965 488301
303377 735779 817590
304614 383521 892541
304692 422456 784274
304813 514707 930499
304913 488893 957286
305783 515106 538581
306800 666694 898878
307665 332480 533891
308240 576697 611656
308651 712909 816077
310287 323820 826555
310967 435483 625385
311031 409977 749064
311112 549363 712556
311938 451826 978163
311976 936764 984200
312199 341075 858651
312895 663312 911832
313657 525441 560897
313985 569012 835020
314822 336621 969107
315303 723288 943131
315432 775444 875601
316925 577433 984502
317013 555050 715846
317581 780528 789623
317595 741386 888728
317921 488716 933481
318350 506953 865651
318552 472440 496902
319583 497127 983350
320775 450632 748969
320868 400885 533342
320921 420952 755150
321559 402748 550623
321890 366414 621459
322331 674625 927858
322871 389804 703765
323084 658569 672430
323674 782762 863258
324544 341155 567877
324694 821903 995653
325644 610378 690722
326025 764937 975773
326104 477335 534958
326234 475211 748824
327002 327304 771538
327801 771919 932915
328619 645879 916120
330861 370424 947420
330872 747114 983943
331657 619054 666547
331747 382885 459612
332643 386500 968543
332720 349994 697053
333843 468426 894554
333941 674812 760053
334162 428582 987754
334445 370645 456662
334454 659414 979086
334562 431223 492640
334565 386666 431473
335147 534494 976328
335258 485589 910768
335431 631966 977024
335518 485918 838524
336288 528233 763088
337455 372419 870256
337540 767532 812822
337863 498161 990383
337980 462547 793600
338051 901047 936752
338761 352874 785450
338865 527623 849993
339365 358250 492943
339624 473598 896530
339664 464610 891248
340052 727852 872018
340098 607267 808724
340732 715752 859909
340872 681054 703393
340915 530777 586685
341065 818495 832000
341386 760840 791892
342057 369796 846315
344091 669065 827620
344614 374107 383247
345242 766555 940158
345245 377380 613551
345947 650774 796938
346756 607208 958711
346908 596691 799868
347968 453533 744746
348036 777570 836742
348914 840329 928327
349097 423501 788573
349606 448580 586137
349733 518309 533950
351022 637021 802706
351222 393338 524100
351527 497237 957006
351556 511861 869709
353914 789257 885631
354502 463189 936930
354695 777202 989818
356584 489828 708440
358548 791499 829691
358739 537942 644757
360067 453589 878425
360323 460243 947575
360976 461512 732895
363119 585301 666947
366611 590980 623623
368244 418502 794002
368255 925569 965489
368469 524078 856996
368744 459416 713847
368872 447041 704223
369273 629377 911404
369336 666087 787636
370245 949183 985840
371387 871550 905085
372525 703717 818969
373082 539903 924117
373130 705721 709543
373529 859319 913788
373681 577324 624432
374216 492330 497186
374249 493339 787815
375793 785370 933845
376619 391335 570588
376724 507621 566449
376856 750134 940656
377301 500843 759405
378310 785454 824870
378590 700579 960011
378845 905671 971959
378885 514018 525297
379474 508078 876447
379972 417989 857285
379979 534941 539821
380977 617530 771320
382010 384481 514254
382464 537198 642058
383621 420797 595554
383949 429840 431581
384106 450012 764110
384541 809163 996636
386352 760007 861738
386360 529505 832952
386558 755019 768388
387510 721632 901674
389119 426770 760176
389702 649279 953501
390110 626415 662662
390160 666383 823122
391456 738593 748823
391520 580764 819574
393851 735643 827265
394279 464695 522600
394972 593443 842672
396191 862570 942223
397575 569359 914817
398147 425269 841701
398169 650330 984958
398484 897432 911058
398605 620432 639125
399404 637905 695112
401517 425766 523849
403242 786906 800538
404695 643165 817938
407422 576830 625392
407759 520342 922643
408372 904274 927013
409284 641093 698436
409378 910573 948953
409936 707526 822653
410700 807346 937816
411872 577768 798542
412088 531425 648140
412435 518077 676254
415800 540732 902085
415801 685988 726410
416099 562906 830228
416494 498415 951913
417137 733446 906036
418117 574774 633540
419119 500929 909279
419762 573125 688499
421975 573896 891191
422153 553647 745274
422536 652142 835938
422806 726265 982619
423183 522931 618898
423756 478950 928346
423874 841139 948454
424774 707641 770064
427147 442359 981541
427205 758431 803037
427503 595095 681245
427531 594967 726758
427764 811562 824842
431799 538410 729137
432937 681241 991735
433592 540004 619799
433727 477031 856534
434213 556423 630652
435872 777244 786161
436714 514435 625210
436766 447315 824020
436980 957707 992758
437210 542236 667068
437262 917322 954828
437353 469033 877166
437564 678695 983676
437626 640570 998759
438544 548804 922106
439383 797635 831115
440167 493559 885371
442087 623889 767410
442220 504858 931515
442354 825506 946205
442626 488030 578083
442996 455165 518470
445390 890687 966116
445732 696354 729325
446231 473350 489293
446699 548990 718534
447089 719423 941926
447279 841156 913667
447658 885290 920582
448652 467602 596134
449943 833193 843675
450379 573909 881151
450800 649686 909444
451893 500114 850734
452873 681882 732803
452946 707538 918523
455214 638519 781389
456789 489393 987488
457124 806950 919449
458913 763644 852965
460016 468262 763420
460369 647170 693608
460749 561221 829551
463042 653212 849333
463088 575223 642220
463487 584901 627461
463569 507819 735178
467042 868979 952941
468529 500845 577096
468728 597282 931301
469995 607452 834915
470886 839157 992341
471264 647987 928612
471703 608990 767442
473912 578208 714795
478240 578076 816308
478665 705230 863579
479849 722135 822545
481523 543744 698181
481629 856855 914658
481741 559461 823408
482220 618880 893299
483184 751509 914604
483245 802362 834759
483870 559736 988451
485630 941425 942883
487156 544630 982614
487622 620329 913612
487725 643219 799471
488030 578083 849791
488790 770525 950312
489694 729100 764783
493819 632192 866395
495867 749482 910366
496391 808001 904620
496796 665687 721684
497681 714824 723142
497833 622188 831707
498319 639328 872325
498938 540693 760852
499195 660872 895048
499745 699402 995909
500070 591676 706454
500494 847063 874808
500614 682757 858297
501242 609117 885461
501268 690761 823594
502283 602242 943887
502927 742985 874661
507417 597657 640083
507892 693520 703455
508797 541803 678712
510622 763154 782976
510870 687406 766689
510875 535299 582214
511816 740861 910891
512934 771614 996827
513814 669256 755954
513827 850922 928058
513937 517287 919611
514877 623641 624306
516616 610448 736606
517193 525564 579723
519089 975817 978887
519418 846848 978251
520080 763776 900069
520414 654593 861752
521621 741585 748183
523803 751476 896004
528256 567689 845907
528385 915197 961816
529950 597351 805248
530156 604568 700910
530535 744608 772085
531267 897543 968219
531439 795225 930479
532424 557679 786374
535059 613557 842536
535449 821479 851461
535909 657203 838715
535955 670195 727594
537710 780989 884583
539002 863497 907205
545615 634475 778825
546824 923774 931944
546904 846959 864475
547056 682005 723674
548365 550584 885263
549258 648359 919577
549470 742694 805897
552315 696442 994704
552490 578486 913286
552501 704018 976976
554686 872540 991229
556280 775800 844819
556557 611362 903849
557601 681085 970542
563730 863123 880584
564605 807996 972272
567184 577334 979847
571238 640512 814746
571846 828861 830116
574706 814405 890322
577272 862926 899521
578538 599731 659238
582414 591852 845243
582877 758529 833755
583210 992627 998965
585311 733757 778926
585699 876509 947636
585842 696833 767225
586132 669657 810844
586732 635649 932507
588448 783858 786525
590440 712220 893257
591595 717303 793394
592046 593802 879995
598198 626702 902645
599110 841088 890110
600995 620689 786701
602009 855959 977711
602301 878194 993947
605693 843162 866105
607338 873053 939945
607436 874855 921754
611354 781540 960408
612029 732097 862527
612757 777235 970716
615050 799999 890279
616911 712179 836830
616966 647095 915897
620679 792987 986859
623562 720093 837966
623652 710054 719525
624223 752759 967234
626011 692390 711934
627120 804202 959901
628268 769851 836329
628771 859613 904092
628936 688439 751813
630949 637617 719018
632136 661130 833107
632312 901788 934485
633392 774740 972957
637109 838821 994821
638544 821788 996709
639559 646747 885017
639647 746726 909707
640893 653451 903179
646712 693038 809650
648123 662306 880912
648842 713683 906370
649448 803281 948796
652617 703466 764820
655400 869266 988437
661765 844856 887059
662143 663168 676603
663879 827057 836997
664130 709485 973495
665552 715590 879945
666693 855655 984748
677187 901324 908241
677461 760257 912214
679391 785544 844526
685309 754147 844218
685698 800622 872093
686755 702762 842174
692197 734524 945153
695350 754903 963403
696751 850721 943462
704746 836759 966094
707719 769220 850503
708698 737317 865325
708957 761819 802475
709582 759535 828441
709659 750938 826937
711833 728692 931789
711875 794899 799542
714926 797698 981740
723071 810460 888854
724054 901827 939317
725509 791685 877288
726869 846102 965746
731408 751733 846105
732055 881244 884338
735514 785113 964649
743728 896822 914726
765156 901911 959528
767615 785105 962593
771546 872851 908367
776188 900055 962415
792930 806452 853029
814295 825238 862182
821174 857641 979169
826014 939218 945349
827808 863661 868668
831353 959189 989508
838490 839139 863737
843082 846901 905682
844816 897152 912707
846233 894195 921022
850743 858338 976059
855089 879121 926328
857216 950119 988232
